905
6786
1149
2501
7226
5881
472
1747
2723
2339
1272
5887
3079
3288
9172
3156
3566
5774
1645
453
6912
1697
6279
1227
8782
8962
1512
4505
2805
3123
4900
6095
3906
1594
9179
5797
3669
2173
7030
4098
4626
1200
5241
2480
7806
7246
2234
3973
8233
966
1119
2227
7538
3159
6938
5451
6166
6120
7535
7527
5395
8430
8863
5930
8702
8313
6524
1126
7011
9899
1233
6529
8310
9184
6605
3409
1334
3986
8274
7811
1097
2853
2114
154
3613
2305
9022
2584
8633
1211
1235
4896
2145
5525
2979
956
4586
959
898
8359
9987
3320
9197
5123
7184
7012
7599
9897
4236
837
8120
8725
4908
6913
7029
6718
8551
4107
1312
1643
3846
4460
3745
9131
3567
7541
1629
1716
628
6361
9594
5637
7135
4419
2059
2068
6364
3410
5192
7545
3006
9559
2774
6148
4061
6221
2175
3455
92
3054
5619
7828
8042
9839
5353
2277
1874
2610
2055
7959
6317
9021
7395
6625
3472
4394
1299
7732
1216
9973
5951
9062
4021
7069
4673
6268
4283
2484
266
541
3488
1186
48
2032
8290
8275
9527
4559
8827
5718
983
3930
8451
869
2568
9032
2107
9058
1147
3549
1830
1622
5532
69
8093
6986
8334
2050
7592
9222
3209
723
9408
5251
3439
1062
9141
9440
5304
1508
8788
70
4704
5045
5541
67
7712
1828
3851
2734
7050
8134
897
3412
5084
9023
1616
1290
4767
7013
6540
5017
2418
3045
3432
2608
3277
1884
9678
1080
2380
4706
7814
3672
734
4451
9522
8971
8375
1925
3872
8909
1280
3647
2002
3511
1992
4720
4020
248
6850
6365
2936
9059
3426
3067
8527
5723
8686
4726
6541
6482
6544
334
6347
2587
1060
9446
8795
5671
2806
1667
5101
5524
6458
7880
3038
5959
640
2811
1860
2029
9699
1917
7544
974
7650
5680
4256
409
7471
1396
7155
4470
2481
2600
6485
2498
6171
49
8868
7771
8520
8820
6305
6785
2187
8585
6969
4925
3814
5515
2007
3368
9820
6008
5325
7677
6212
5708
680
8159
4769
3730
6632
5842
7951
8832
1530
1922
1010
5345
4643
3899
1321
4785
790
9255
9274
6480
8467
4060
1746
47
3558
4025
6594
8148
2787
7264
8360
930
2632
7297
4423
5042
3269
8496
2842
6022
9457
3086
5274
6760
6712
3937
1228
5057
2722
9917
2438
835
1888
5443
8260
9618
7295
8132
8538
6392
8680
2444
7866
7479
2733
738
317
15
1225
7304
3017
6335
9300
5251
7287
8919
4406
8489
796
6083
1497
9618
719
9138
9254
295
4838
9373
8594
5638
4267
3563
5221
4916
4328
5000
9557
8242
5089
4225
9609
7984
6895
141
4125
7619
6535
93
6916
5219
3545
6134
1929
590
5657
2367
3899
6787
7296
5151
6502
3414
9423
4840
6402
9268
3154
567
9197
8984
4376
4787
9146
8635
1305
3204
2869
665
6252
2692
867
6239
2625
4699
1788
5483
460
901
2600
1875
2352
6014
8305
1887
7982
7145
781
2885
7959
8518
2612
6464
6440
8377
342
7354
149
4936
1313
2659
8150
8644
8303
3826
2388
7314
3290
2594
5325
9858
4626
8376
4217
3009
4461
7356
2112
1918
1648
5816
699
1249
1744
5750
2541
9876
4814
7696
3996
5473
4254
8557
4031
5772
8326
5759
4617
3831
5389
4137
8779
4974
8820
332
6814
1990
2606
2074
5571
2310
4524
963
4669
8840
7081
8883
4241
7241
5424
6629
7987
9136
4239
1375
272
2664
9761
7171
3060
681
9190
4960
5273
2450
5684
9881
7656
9117
8833
3613
7932
324
3944
4966
5807
4713
4488
8281
1412
2125
1680
1700
712
3439
4560
2260
9980
1542
7694
6839
4552
9228
2899
8939
689
1605
4908
2191
8643
6803
9624
8341
6385
5851
8154
1517
7310
29
3898
1326
7421
9026
2333
4896
902
2639
3552
465
9790
1119
1777
5758
4514
9327
6408
8144
5351
4567
9493
7707
513
3385
3021
6099
8618
926
2416
8401
8981
8745
1433
8019
4174
4834
8523
2538
1655
7763
2624
496
3755
7096
4073
5443
647
3785
4970
4278
2139
4999
1212
7411
3658
1109
7828
2905
3171
1618
4065
912
2031
4669
3526
246
7470
8993
1373
9464
5642
1184
9086
4565
3456
1780
9923
2214
6264
870
8422
2069
7169
2007
1933
611
8816
7235
3925
4177
1095
9103
7145
5902
8008
4512
9654
2521
4592
6717
5283
6231
1282
627
493
2173
1112
7625
2207
6752
2299
7984
2827
3255
3637
1796
8998
1062
6616
919
4516
2892
7771
8391
5191
2353
429
6786
2456
2545
6953
4156
9769
1743
9377
2186
1859
593
4450
7207
573
691
4593
4853
2029
9033
7869
911
2996
6250
5358
1807
7112
2411
2296
884
9617
6219
2263
9258
6383
1238
1673
6304
2866
3006
8882
5886
6363
3963
1782
4963
