100
83 69 85 67 74 76 43 48 46 61 74 14 18 80 93 21 8 5 35 92 72 66 93 69 78 24 80 2 57 50 59 21 10 41 48 24 92 27 47 39 45 98 2 64 64 99 11 20 24 51 15 48 11 20 57 62 21 15 70 54 86 81 94 32 48 92 67 31 56 33 91 39 43 19 77 47 91 34 52 89 66 5 66 54 57 
37 22 6 27 37 56 80 78 57 99 67 84 97 57 77 67 95 67 85 6 9 20 50 8 13 46 2 81 6 28 15 55 5 7 7 30 49 7 58 
38 49 78 8 50 16 8 58 2 1 19 47 52 81 63 51 60 77 6 8 60 47 36 43 24 91 33 6 65 1 69 35 9 66 96 31 48 17 30 68 
11 70 67 74 38 14 81 64 12 93 43 92 86 
18 79 85 91 55 77 43 49 58 31 24 50 62 52 8 33 39 99 33 14 
77 6 56 20 85 26 8 70 99 28 15 71 23 89 92 46 39 3 89 100 89 97 6 15 33 95 97 93 52 20 57 3 15 63 14 37 95 93 37 62 54 100 24 57 38 46 36 60 45 26 34 34 42 64 35 90 96 78 85 51 8 38 21 87 84 96 6 95 53 45 18 53 44 61 95 85 23 24 94 
68 56 17 91 68 41 59 43 48 16 1 51 62 53 92 8 15 38 55 97 85 10 76 84 62 100 100 94 64 99 38 93 25 99 51 65 23 64 63 42 40 43 86 81 66 36 38 97 67 56 37 37 88 22 44 92 25 67 86 55 59 77 3 23 98 31 100 12 4 63 
65 54 98 46 18 57 57 84 5 3 10 82 13 42 20 54 46 75 62 69 41 87 88 100 34 29 96 9 97 83 99 66 26 46 85 52 9 80 1 100 35 51 13 78 95 77 25 40 100 37 35 2 14 73 68 83 68 65 21 94 85 63 83 91 69 48 36 
91 28 79 48 25 47 16 80 25 88 22 83 69 20 32 87 63 56 43 90 96 69 27 81 36 85 56 22 2 98 64 41 86 19 65 48 72 46 99 52 79 10 58 8 85 53 48 72 3 5 41 10 16 95 27 22 97 4 45 50 54 77 66 66 57 64 54 96 94 65 54 38 4 63 100 55 2 72 54 91 76 92 58 61 6 25 44 30 62 91 38 45 46 
92 35 66 81 16 27 40 57 18 21 36 46 63 78 92 8 88 98 73 89 7 38 54 35 49 45 46 69 54 96 23 16 1 41 3 59 11 35 18 4 96 70 84 96 7 65 76 96 48 94 17 96 80 91 94 54 82 41 29 85 55 61 92 37 4 28 12 34 37 6 35 4 18 74 76 37 7 78 88 74 26 66 29 79 20 53 36 88 51 87 56 37 43 33 
93 73 64 82 16 73 2 42 28 75 19 69 75 54 97 94 77 50 71 78 35 22 40 24 83 51 75 82 89 67 51 74 49 37 78 68 52 83 72 61 11 75 81 52 25 82 61 16 79 43 5 52 81 96 88 48 21 86 16 56 8 82 70 72 73 96 88 23 86 67 40 27 20 12 41 83 88 94 9 99 21 62 85 71 62 34 37 62 24 5 94 20 92 80 93 
32 85 30 73 6 72 61 6 88 73 37 42 75 91 90 89 30 80 87 52 74 60 34 55 99 28 58 11 95 35 78 4 26 67 
38 74 65 13 19 7 67 56 11 84 16 57 39 93 98 14 65 2 43 27 79 37 14 14 12 76 44 4 60 79 99 92 95 46 77 28 37 85 39 37 
27 53 64 28 7 22 35 24 15 24 89 32 87 16 44 80 8 54 29 17 88 55 12 8 38 17 11 36 24 
13 29 28 38 41 84 43 92 97 71 37 69 33 95 27 
35 94 65 6 56 9 19 57 30 97 41 42 5 70 79 15 78 13 74 80 63 56 70 61 52 67 84 90 53 48 54 75 96 32 81 82 22 
35 86 24 44 55 36 100 27 16 99 8 20 93 37 43 43 3 68 2 67 56 36 19 42 69 68 62 49 89 89 79 99 50 96 75 45 21 
77 40 63 34 71 16 27 25 30 20 5 18 77 75 76 59 11 53 2 3 57 41 96 34 36 34 40 40 52 19 38 57 1 22 90 1 90 26 26 79 64 32 27 30 10 5 87 73 11 5 37 26 63 10 22 94 67 5 47 81 38 36 35 17 55 56 28 49 34 54 81 28 25 25 23 57 68 12 95 
72 21 67 29 21 7 50 97 79 64 44 73 52 98 13 71 26 26 47 4 72 95 29 44 10 38 15 24 27 46 44 21 34 30 71 79 55 94 59 48 12 47 23 88 27 97 72 49 86 4 36 35 71 80 90 52 33 80 49 3 19 79 68 24 37 35 5 80 55 65 36 4 20 56 
56 81 46 1 46 34 20 64 71 35 6 100 85 33 23 21 57 53 62 48 91 84 99 2 93 78 60 87 72 38 91 31 21 19 39 83 75 78 81 34 79 25 18 69 36 4 46 96 47 16 32 88 86 2 85 98 7 35 
79 55 41 13 43 57 57 79 1 16 40 69 52 32 96 91 5 66 37 75 8 15 4 57 94 88 45 65 68 40 25 91 48 87 79 37 97 92 43 54 6 62 30 63 83 72 66 97 49 50 86 67 71 27 64 75 37 67 23 68 22 87 4 57 35 35 56 58 68 82 65 57 67 46 58 4 11 12 63 35 64 
41 31 96 40 56 16 86 95 28 78 47 2 12 32 38 100 65 49 84 9 16 17 49 99 23 96 98 34 46 22 7 53 9 42 36 83 86 45 76 10 57 85 39 
38 53 79 79 96 67 35 70 98 35 98 75 26 2 45 50 19 21 95 6 42 54 45 27 80 41 3 83 30 39 69 74 36 74 13 78 53 30 45 33 
98 3 54 24 93 57 31 41 63 94 37 37 67 50 12 68 93 4 45 80 69 7 26 65 78 80 37 65 47 100 47 59 74 55 74 1 55 4 8 63 21 16 98 54 64 65 26 85 76 91 34 96 11 59 69 81 7 35 74 47 39 52 9 85 65 93 99 38 10 70 65 58 2 68 18 29 46 51 23 89 30 78 29 25 98 1 97 33 82 74 93 2 26 30 64 77 77 83 8 35 
28 2 11 50 68 85 24 82 54 72 31 100 45 69 35 77 9 20 48 87 87 77 42 98 59 55 12 80 92 14 
66 95 70 35 26 19 23 33 90 51 23 65 89 47 54 89 56 31 10 17 67 81 37 66 88 48 38 80 58 95 41 39 16 9 40 61 19 9 48 4 90 44 95 41 99 91 25 88 43 12 62 16 99 81 46 45 82 75 53 52 64 35 71 50 27 93 80 20 
81 55 95 52 87 80 70 34 46 76 66 9 24 100 100 10 63 52 45 6 1 1 20 81 35 55 47 6 18 36 11 49 14 76 87 12 16 34 56 88 46 40 55 21 84 39 52 5 33 35 91 30 23 27 7 55 37 23 60 78 55 82 40 78 92 60 58 32 39 40 31 59 86 35 77 6 59 87 29 91 98 73 62 
3 16 67 62 99 
57 64 4 78 99 65 73 13 60 83 52 5 74 43 63 100 9 21 67 92 47 29 85 93 86 29 99 63 39 83 17 74 16 57 9 52 81 11 73 16 99 33 4 88 68 4 67 93 60 26 89 31 60 96 22 47 59 15 22 
38 66 42 87 68 57 16 60 45 50 61 44 86 42 4 4 66 17 85 7 71 71 24 36 59 100 84 34 19 82 53 54 72 79 17 93 100 91 5 100 
80 34 26 3 27 57 2 21 60 60 2 15 9 23 97 24 19 36 95 7 69 59 98 2 93 24 78 100 17 54 100 34 95 61 97 43 59 77 55 31 61 83 96 77 52 54 62 23 79 100 78 4 8 38 9 25 31 8 54 10 55 43 65 84 69 76 56 38 62 13 78 75 59 67 89 7 80 79 69 84 94 29 
25 17 56 83 80 15 56 22 26 35 9 34 98 50 5 61 54 1 42 47 29 81 8 59 33 3 15 
85 45 91 1 5 59 57 86 21 46 3 26 50 42 97 38 53 75 38 100 55 47 40 74 15 62 11 77 76 59 12 13 67 19 67 54 24 48 37 33 53 33 81 83 57 13 93 48 65 80 14 19 72 97 92 20 63 100 22 42 33 6 84 37 40 77 94 16 92 1 79 86 88 53 26 67 46 70 30 71 49 13 88 33 96 15 19 
82 66 14 21 73 75 5 42 82 6 49 40 36 32 41 94 47 50 25 23 75 12 57 89 86 21 11 26 97 67 76 28 7 26 65 62 98 82 48 70 44 17 36 67 37 89 70 48 8 20 3 39 25 20 13 79 21 25 34 75 90 1 82 69 37 70 2 67 50 94 39 76 42 45 80 39 49 83 90 26 34 89 95 23 
91 73 4 44 18 87 63 79 82 48 54 18 91 17 19 92 36 98 37 16 14 92 30 88 48 81 90 71 13 94 58 37 54 71 55 96 13 57 85 16 16 47 38 70 60 49 67 87 37 64 38 4 36 18 17 40 65 29 57 49 64 89 93 55 11 53 19 14 6 67 13 74 53 95 63 96 9 79 1 23 9 90 66 95 52 78 30 64 64 56 72 58 86 
96 72 91 3 20 2 56 33 49 78 98 42 36 2 67 15 79 72 51 42 20 44 16 52 60 87 17 28 96 54 70 30 11 69 76 89 23 15 71 59 72 49 18 57 2 30 68 71 49 25 74 96 60 37 76 79 80 90 87 59 57 48 20 8 51 97 22 36 74 91 25 15 18 100 96 54 47 13 65 56 4 76 42 68 95 41 70 39 56 75 62 6 76 79 28 86 15 81 
53 71 68 78 79 3 26 99 77 59 69 43 81 94 49 93 39 69 47 1 97 32 75 17 33 84 7 62 63 5 7 47 30 92 61 27 47 53 65 81 59 90 15 49 3 65 44 37 63 5 21 49 54 93 28 
89 9 36 68 40 63 84 52 36 63 62 19 43 30 55 71 31 43 43 11 70 80 27 86 65 99 26 92 6 2 47 12 45 63 6 63 75 83 17 18 2 98 8 80 97 21 96 46 18 23 98 89 12 14 88 27 52 33 27 11 1 39 54 31 4 98 4 57 8 43 57 84 22 46 96 82 19 32 77 53 90 58 79 58 84 96 42 57 95 33 8 
22 35 4 3 46 42 14 57 25 1 49 14 49 92 44 18 77 23 43 83 68 32 1 60 
55 56 51 5 72 78 87 84 67 83 93 66 15 8 44 51 66 100 63 4 83 31 12 90 82 89 63 37 86 14 11 52 11 72 41 54 54 94 7 5 11 31 62 2 34 97 85 40 14 24 72 63 80 16 87 61 86 
18 42 46 83 75 8 32 53 35 45 71 19 61 8 16 10 98 4 19 78 
97 25 87 94 91 26 100 41 26 66 42 20 43 98 24 24 3 6 40 16 25 26 64 96 18 6 42 63 16 84 12 78 67 11 61 90 64 76 26 28 33 45 27 43 50 14 27 91 4 82 23 10 36 16 19 7 78 61 87 46 84 80 67 16 20 55 26 58 45 26 41 62 57 56 62 3 35 15 69 4 45 4 89 72 72 3 76 66 76 67 100 30 16 14 95 58 28 11 55 
55 62 30 44 82 39 37 63 68 15 28 44 99 34 95 75 15 73 14 82 92 8 62 62 84 56 27 36 7 68 33 5 77 75 11 38 54 99 71 49 78 97 69 62 96 99 92 66 15 94 85 76 11 78 46 46 98 
33 10 58 72 87 40 1 59 100 36 32 26 54 68 95 33 68 26 10 53 51 4 88 52 55 47 74 55 6 5 78 2 46 5 58 
88 80 92 12 10 90 48 9 27 18 15 50 10 66 53 39 37 94 97 76 57 15 79 54 71 77 2 45 43 7 22 73 11 54 15 36 39 61 72 72 38 68 53 45 74 16 19 42 9 30 28 46 89 97 29 8 12 80 35 86 50 86 60 3 11 46 15 91 29 74 88 22 24 43 50 13 41 4 27 15 38 68 1 37 7 8 12 2 14 7 
63 2 1 11 40 57 67 34 51 16 55 22 99 55 83 77 3 4 64 22 3 67 46 7 95 58 55 11 42 22 60 100 79 58 81 64 53 43 67 61 69 37 69 62 72 16 81 61 38 43 92 68 58 46 21 53 49 10 48 71 38 100 48 13 97 
95 65 2 50 54 50 8 17 7 14 40 83 97 29 96 43 25 29 3 28 35 51 79 76 15 69 57 58 83 63 96 74 43 22 56 70 13 71 31 33 100 100 9 3 8 59 63 59 60 17 20 43 37 16 69 41 58 63 42 17 18 53 77 90 12 2 78 64 70 6 81 50 17 40 72 44 33 43 81 11 83 53 63 17 6 91 53 88 15 55 81 29 94 67 3 5 12 
14 46 32 50 12 67 88 88 61 22 64 26 61 8 16 28 
14 51 19 28 85 43 92 45 62 73 76 17 44 36 59 16 
73 85 100 58 100 58 100 4 28 68 88 99 37 54 58 85 64 31 59 52 13 33 97 39 47 64 72 36 84 31 79 28 58 16 48 98 32 70 32 89 4 87 13 29 81 6 53 37 49 33 52 55 62 55 54 47 9 47 44 44 51 91 64 22 47 61 72 60 28 13 47 80 19 58 85 
64 98 46 63 75 35 99 18 98 64 13 17 33 74 29 73 50 33 69 58 51 57 26 100 48 91 71 92 41 51 37 98 32 99 88 90 100 87 16 44 72 19 38 98 8 72 30 67 12 25 79 57 43 67 53 35 53 85 16 59 39 15 55 62 96 16 
33 2 62 74 72 3 98 30 53 41 62 30 17 79 97 86 44 44 90 20 76 66 84 74 45 21 99 45 24 77 43 15 91 2 92 
84 8 40 84 58 51 35 22 95 96 16 7 65 7 51 89 20 40 3 98 93 24 1 23 14 38 55 63 43 73 9 24 21 32 48 45 54 53 17 80 37 13 18 8 88 82 84 64 49 9 29 34 34 17 43 57 50 4 14 87 44 83 92 79 31 38 7 49 41 61 41 73 12 87 31 68 69 75 30 24 77 76 28 1 57 80 
70 50 80 81 20 16 75 44 34 12 84 40 81 41 99 34 23 69 87 58 91 8 31 23 36 71 57 89 31 82 81 20 21 5 84 61 95 53 38 44 63 57 90 9 89 5 44 2 61 91 78 74 82 74 21 61 73 28 59 99 98 46 21 25 63 83 96 75 8 53 88 84 
16 12 67 51 100 46 63 16 38 22 71 1 86 38 69 53 43 84 
81 25 2 58 97 37 36 76 7 29 52 7 77 93 54 22 4 84 78 64 40 67 71 98 78 62 44 31 32 24 84 29 37 84 56 22 43 32 32 23 6 49 36 22 71 55 86 34 70 50 69 77 60 30 30 86 63 45 91 12 91 16 61 91 58 32 26 50 48 77 21 88 34 31 47 7 64 95 20 97 7 38 79 
46 1 40 68 96 24 26 78 9 26 52 2 34 39 49 68 74 64 97 74 19 64 68 41 11 78 47 58 27 97 86 36 30 94 83 2 63 67 37 50 58 20 18 46 61 78 53 2 
53 60 18 45 6 16 13 56 50 76 91 68 34 27 2 68 88 59 28 36 80 42 39 60 98 31 72 33 81 84 25 2 26 66 34 15 97 23 27 90 42 87 44 98 76 32 92 14 94 30 46 97 23 77 34 
71 90 93 70 40 35 23 5 24 25 69 9 73 80 67 61 94 40 43 77 85 75 92 41 60 66 65 58 27 21 53 82 91 45 82 76 86 24 34 49 4 2 50 11 82 68 17 28 87 99 87 34 82 51 46 38 64 85 94 71 50 61 12 68 52 1 91 61 55 61 87 39 82 
89 40 90 85 89 55 40 53 5 63 3 59 21 43 11 15 73 96 30 29 39 33 5 30 97 25 60 61 76 73 93 76 63 15 40 44 86 35 18 41 12 93 52 3 81 96 9 26 100 12 65 18 38 2 99 64 9 87 97 61 13 97 21 60 33 29 76 72 74 21 36 48 64 6 26 21 20 67 40 37 15 39 59 24 65 98 9 44 49 88 73 
91 81 96 67 40 19 17 6 91 46 7 3 3 70 21 76 52 46 78 48 88 30 16 74 55 6 6 62 77 18 30 9 21 39 27 1 91 19 83 25 98 2 22 45 1 36 35 11 56 47 21 99 72 43 70 80 99 12 1 80 80 90 81 4 9 56 73 89 41 54 58 63 59 26 61 33 58 64 41 89 54 70 33 33 94 15 34 88 55 68 54 80 90 
28 80 66 90 98 91 47 11 75 36 51 24 33 85 70 87 28 36 23 8 40 15 54 45 74 15 35 44 27 1 
55 53 47 54 72 17 17 28 87 95 47 3 97 53 8 62 27 7 94 2 85 97 44 74 53 72 95 41 21 97 14 66 29 25 29 66 86 4 92 47 17 22 88 32 39 10 24 67 53 42 58 58 41 98 82 2 65 
83 67 68 11 32 52 71 98 10 99 47 74 93 44 5 5 4 96 48 78 79 66 91 6 67 84 11 68 13 52 27 24 13 38 89 5 40 46 84 80 27 63 36 88 33 38 66 89 2 98 39 6 55 36 32 57 67 99 68 32 31 25 47 15 70 11 76 22 60 7 57 28 55 10 62 19 95 52 69 3 82 51 40 53 98 
18 83 84 21 56 5 98 43 68 18 90 47 90 71 61 26 99 8 39 46 
28 50 76 1 45 34 79 61 7 44 77 5 30 31 63 33 25 87 96 12 35 62 19 92 63 36 73 85 34 43 
52 68 89 47 91 72 63 14 83 42 37 46 63 61 77 36 90 65 48 91 89 21 91 93 3 6 49 38 25 18 67 56 34 93 76 37 5 90 18 18 95 100 66 42 55 76 27 69 15 90 26 66 21 76 
55 39 42 70 92 82 23 91 27 92 3 72 31 66 93 77 14 68 15 50 7 73 88 18 59 45 11 3 49 18 85 74 56 15 32 53 64 92 69 42 84 4 58 30 66 99 41 84 33 42 97 97 100 37 61 21 89 
88 69 9 77 23 13 35 58 11 93 7 52 100 31 92 1 75 98 68 24 40 68 62 40 28 1 1 62 40 56 31 20 70 71 12 42 43 4 23 81 85 47 59 80 68 52 56 19 35 26 55 39 84 30 9 24 82 23 41 56 76 58 47 91 10 63 50 73 46 30 18 34 28 66 34 37 66 10 76 85 73 32 67 65 56 56 2 52 89 82 
17 80 62 24 86 69 14 73 70 83 33 8 42 16 20 41 43 85 77 
96 54 62 1 14 76 26 50 76 58 65 4 84 77 64 78 93 49 50 69 56 49 84 60 20 3 9 28 44 13 24 44 87 31 62 66 28 44 28 29 21 72 65 84 22 57 16 82 82 68 75 17 25 37 3 57 49 52 3 39 56 92 85 4 24 22 34 72 54 53 95 59 56 92 37 43 27 59 34 68 21 58 48 75 72 98 71 96 65 80 84 37 99 22 52 27 35 87 
40 97 46 1 40 82 26 53 26 17 67 21 2 68 95 85 58 61 93 28 56 26 8 63 73 69 62 53 77 43 39 97 31 14 54 68 21 83 91 37 7 79 
18 38 72 4 46 77 39 59 11 49 48 22 21 18 35 4 22 3 34 95 
6 23 34 43 72 48 37 58 
93 39 99 72 35 74 72 75 100 71 37 39 4 100 60 8 6 47 1 78 24 28 29 29 6 82 87 91 14 41 82 30 47 83 10 92 88 25 74 39 41 44 99 72 85 40 30 19 73 85 57 94 16 83 97 71 28 56 89 71 30 85 6 29 35 83 77 80 67 73 17 1 7 52 56 30 20 20 42 82 98 29 13 11 39 33 38 65 25 73 63 31 30 78 45 
42 13 18 73 1 8 9 83 83 8 34 65 22 68 14 84 68 70 13 86 1 34 50 38 78 54 16 59 72 56 33 52 8 10 3 51 61 90 81 21 90 64 80 16 
91 60 96 17 46 14 66 68 92 10 14 91 27 92 91 70 76 34 44 67 79 57 93 56 69 94 55 24 79 3 62 98 93 67 24 59 2 75 73 14 42 33 80 39 53 28 68 44 98 17 55 96 58 20 78 46 55 23 66 75 20 78 50 79 83 52 74 74 28 42 82 71 75 66 36 53 95 79 1 83 27 50 80 25 64 35 18 64 77 15 35 88 64 
80 8 40 63 75 48 43 68 53 45 76 88 2 62 5 63 73 90 17 11 75 27 28 62 39 84 58 25 98 32 100 29 93 48 95 9 46 43 65 59 43 17 59 60 75 5 58 44 1 40 97 64 96 27 24 22 82 3 9 83 10 40 94 88 32 34 83 39 100 84 96 98 10 50 6 95 83 98 86 47 49 82 
64 64 82 25 39 52 83 88 88 7 1 4 46 88 8 2 37 98 88 52 69 13 54 30 28 16 76 33 40 53 31 5 76 70 89 45 25 91 87 43 72 36 69 69 91 80 31 92 77 12 71 52 45 83 69 93 2 20 65 78 24 20 100 27 91 31 
73 5 45 10 56 36 47 16 18 53 59 83 33 41 26 54 87 42 8 78 38 2 26 15 46 22 91 18 41 69 64 1 1 67 46 85 65 31 92 23 12 71 63 95 71 46 15 43 59 1 46 30 15 63 50 88 64 16 63 74 43 24 91 73 80 95 22 47 8 73 6 94 35 64 15 
85 88 26 1 86 68 6 84 24 86 87 87 40 32 89 38 92 99 40 87 11 88 96 63 11 23 10 87 93 35 29 69 23 8 98 72 77 43 12 16 99 67 29 69 3 6 69 49 11 74 10 75 78 44 98 14 53 82 51 10 88 79 88 96 56 98 47 54 80 80 24 25 54 44 65 71 88 27 82 82 38 68 22 13 37 24 24 
95 8 9 39 20 52 75 6 98 75 49 18 40 93 96 82 91 86 55 32 93 78 90 14 87 12 22 18 85 93 99 75 81 77 80 54 52 81 95 3 19 45 37 16 59 52 68 42 54 100 77 13 25 95 22 66 98 41 16 54 34 87 2 22 91 97 63 88 97 18 89 40 2 18 70 10 25 84 89 26 40 62 63 2 99 22 92 54 35 51 29 76 81 58 9 20 87 
18 64 35 28 21 51 14 58 21 20 71 28 38 68 13 80 84 38 25 11 
73 99 47 10 71 53 40 18 50 94 28 63 25 41 35 90 16 70 93 95 85 94 97 14 62 28 61 83 49 31 73 88 9 87 97 21 26 51 39 55 72 18 22 76 88 69 26 69 7 80 27 82 39 7 100 50 84 1 40 36 5 98 78 43 56 24 72 51 73 22 59 33 36 60 55 
39 15 20 37 100 8 92 52 36 64 14 74 18 15 27 18 73 62 22 26 13 87 91 84 70 35 92 66 91 10 20 90 1 38 85 30 74 95 67 77 41 
42 16 8 60 17 27 38 21 98 18 56 91 31 79 52 77 32 83 38 54 54 20 100 29 61 69 40 1 56 23 52 81 91 18 11 92 17 6 6 77 68 58 2 83 
16 5 51 12 21 75 47 39 60 36 93 19 34 43 14 24 71 23 
50 89 49 50 36 34 41 2 8 86 38 92 84 59 54 7 51 64 86 17 31 39 79 89 46 62 50 93 66 41 91 35 22 12 88 79 59 11 44 2 62 99 59 93 35 1 91 55 56 48 17 54 
6 79 8 83 83 89 31 46 
64 59 93 61 81 18 18 6 55 76 11 62 85 2 17 77 38 84 92 5 31 40 83 39 63 80 79 91 82 14 91 5 41 51 5 83 18 59 57 74 71 46 23 66 26 40 22 52 32 34 8 47 23 17 17 57 91 7 14 43 83 81 76 66 6 96 
66 15 82 63 33 35 70 83 96 89 53 32 84 13 45 4 9 46 60 4 38 55 3 83 96 7 91 32 73 45 82 38 45 6 27 28 29 10 6 82 24 99 8 84 72 96 63 27 92 51 98 20 32 5 93 95 2 81 44 10 36 32 12 64 51 34 93 53 
77 36 80 74 91 3 74 100 62 4 53 8 99 27 44 80 69 55 37 99 54 4 52 78 40 28 27 7 53 51 19 58 42 94 81 87 83 7 36 6 42 72 12 88 83 86 64 68 73 64 91 10 57 57 11 19 42 97 57 39 84 41 33 58 45 98 7 79 33 21 61 34 87 34 16 20 5 46 84 
39 99 19 61 80 81 39 83 97 72 79 22 79 42 57 17 95 30 96 2 50 25 67 35 34 12 100 34 87 56 55 42 32 49 88 31 71 41 13 54 47 
61 58 28 85 59 15 67 84 48 75 87 100 58 98 66 36 68 9 38 35 47 26 93 67 79 68 10 98 21 70 100 29 98 80 98 40 99 33 60 75 100 14 1 54 31 70 57 42 12 43 57 53 54 34 62 98 56 26 78 86 96 20 88 
66 25 60 63 83 82 39 61 26 28 31 29 54 52 15 44 51 59 1 65 21 43 8 83 94 17 79 61 23 56 3 89 51 94 41 8 4 53 48 29 10 36 86 73 85 4 71 82 85 48 98 21 79 28 71 34 90 78 23 67 99 20 30 83 64 49 12 51 
22 7 79 32 64 94 65 60 11 34 76 12 67 37 48 20 79 93 63 52 54 54 53 77 
39 12 33 65 22 8 97 88 9 47 51 75 36 97 19 77 31 29 22 92 20 94 53 80 9 70 16 49 75 89 63 45 22 5 32 59 97 5 70 96 4 
18 8 31 31 27 25 62 51 37 13 54 59 98 74 52 12 9 40 72 96 
37 96 84 80 1 98 56 51 17 76 25 22 83 76 58 27 72 85 61 72 90 53 16 4 59 36 35 23 16 97 55 7 37 62 93 29 68 14 87 
78 21 13 54 64 74 15 100 71 85 70 50 81 91 56 48 14 42 89 9 24 91 19 86 70 54 18 7 94 86 13 36 77 4 80 66 1 71 46 53 50 71 42 43 42 52 33 77 91 92 69 56 38 25 61 43 28 15 72 87 39 100 29 18 38 71 77 100 46 30 56 65 4 22 58 6 17 5 6 58 
