444822
173788
64586
494364
415992
683025
215657
204489
507860
249071
624492
406072
190446
242838
1089729
542244
196332
127087
498960
159615
224379
209746
198938
252630
174046
753212
207992
164672
605552
458420
442742
38848
209737
200902
249026
536318
140870
209748
33405
326506
120696
615597
919610
68383
166357
159946
428898
249760
547312
812220
1523728
176826
181912
440638
37279
399644
117069
269752
240167
413207
224253
72283
258754
383140
249755
63874
471399
474399
201588
400224
266841
111299
75564
274528
258093
86924
281131
225868
183688
153409
249768
580842
303284
201155
101331
85048
118975
141000
176760
307868
303874
614035
214398
209094
162500
433160
351024
329656
107223
204078
